// SE12 Floor 3
49.24965616595264,-123.0017062649131,SE12,3,,,0,0,1,12
49.24965485281492,-123.00142731517553,SE12,3,,,0,1,0,2
49.24970387659989,-123.00143066793679,SE12,3,327,,0,2,1,3
49.24977237850362,-123.00142932683228,SE12,3,325,,0,3,2,4
49.24984022374591,-123.00142932683228,SE12,3,323,Data Comm,0,4,3,5
49.24992207562378,-123.00143033266066,SE12,3,321,,0,5,4,6
49.24998795096704,-123.00143569707872,SE12,3,,,0,6,5,7,13
49.24999407890149,-123.00156243145467,SE12,3,319,,0,7,6,8
49.24998795096704,-123.00170257687569,SE12,3,,,0,8,7,9
49.24991857394195,-123.00170894712211,SE12,3,318,,0,9,8,10
49.24983365808136,-123.00170794129373,SE12,3,320,,0,10,9,11
49.24976603168586,-123.00170727074146,SE12,3,322,,0,11,10,12
49.249699499478226,-123.00170827656983,SE12,3,324,,0,12,11,0
49.2500643312384,-123.00143234431744,SE12,3,313,,0,13,6,14
49.2500402572401,-123.0013770237565,SE12,3,,,0,14,13,15
// SE12 Floor 2
49.250056452476606,-123.00137165933847,SE12,2,,,0,15,14,16
49.25015997055195,-123.00137300044297,,2,,,0,16,15,17
49.25016084596812,-123.0015728250146,,2,,,0,17,16,18,19,20
49.250265458092485,-123.00163082778454,SE12,2,,TIM HORTONS,0,18,17
49.250276619624074,-123.00155002623795,SE12,2,,SMOKES POUTINE,0,19,17
49.250265458092485,-123.00150945782661,SE12,2,,CAMPUS CAFE,0,20,17